tree
version=v3
num_class=1
num_tree_per_iteration=1
label_index=0
max_feature_idx=16
objective=binary sigmoid:1
feature_names=age gender height weight ap_hi ap_lo smoke alco active bmi diff cholesterol_1 cholesterol_2 cholesterol_3 gluc_1 gluc_2 gluc_3
feature_infos=[30:65] [0:1] [120:207] [32:180] [70:240] [45:182] [0:1] [0:1] [0:1] [15.012197410395947:49.999999999999993] [5:140] [0:1] [0:1] [0:1] [0:1] [0:1] [0:1]
tree_sizes=652 656 653 656 657 654 653 658 660 657 658 660 658 655 660 655 659 664 653 665 658 656 664 662 654 665 655 665 643 647 639 646 652 664 652 663 604 648 663 665 660 640 668 641 658 645 669 639 669 642 668 641 661 665 641 638 626 638 673 662 644 674 672 661 641 644 648 641 633 625 656 631 629 649 646 659 620 671 625 606 644 617 662 603 616 632 642 648 648 617 609 619 644 625 606 634 608 674 640 618

Tree=0
num_leaves=5
num_cat=0
split_feature=4 0 4 13
split_gain=12633.5 1597.02 1338.26 480.062
threshold=129.50000000000003 54.500000000000007 138.50000000000003 1.0000000180025095e-35
decision_type=2 2 2 2
left_child=1 3 -2 -1
right_child=2 -3 -4 -5
leaf_value=-0.13097869397455625 0.016819619469659642 -0.042814763665594516 0.11297884076896833 -0.003611497470161578
leaf_weight=5963.471817061305 2292.2008870542049 3978.9807764589787 4592.4007303118706 262.96568518877029
leaf_count=23857 9170 15918 18372 1052
internal_value=0 -0.705614 1.04484 -1.02221
internal_weight=0 10205.4 6884.6 6226.44
internal_count=68369 40827 27542 24909
shrinkage=1


Tree=1
num_leaves=5
num_cat=0
split_feature=4 0 4 13
split_gain=10274.6 1299.89 1088.02 405.64
threshold=129.50000000000003 54.500000000000007 138.50000000000003 1.0000000180025095e-35
decision_type=2 2 2 2
left_child=1 -1 -2 -3
right_child=2 3 -4 -5
leaf_value=-0.092364875929330584 0.03573741567817524 -0.029503833689807874 0.12269462994449816 0.071753338860734123
leaf_weight=6201.7422278821468 2292.3378039896488 3568.6143924295902 4578.3746986985207 409.06251385807991
leaf_count=24909 9170 14281 18372 1637
internal_value=0 -0.637018 0.943335 -0.179881
internal_weight=0 10179.4 6870.71 3977.68
internal_count=68369 40827 27542 15918
shrinkage=0.1


Tree=2
num_leaves=5
num_cat=0
split_feature=4 0 4 13
split_gain=8395.54 1083.16 901.81 436.815
threshold=129.50000000000003 52.500000000000007 138.50000000000003 1.0000000180025095e-35
decision_type=2 2 2 2
left_child=1 -1 -2 -3
right_child=2 3 -4 -5
leaf_value=-0.090379505529580406 0.03221985032324988 -0.033825965150418802 0.1117229737117542 0.06341053059745537
leaf_weight=5080.4040314853191 2290.917666554451 4573.7116912305355 4529.8097627162933 473.51602566242218
leaf_count=20568 9170 18364 18372 1895
internal_value=0 -0.576562 0.856562 -0.238656
internal_weight=0 10127.6 6820.73 5047.23
internal_count=68369 40827 27542 20259
shrinkage=0.1


Tree=3
num_leaves=5
num_cat=0
split_feature=4 0 4 13
split_gain=6884.64 930.37 757.793 472.561
threshold=129.50000000000003 57.500000000000007 138.50000000000003 1.0000000180025095e-35
decision_type=2 2 2 2
left_child=1 3 -2 -1
right_child=2 -3 -4 -5
leaf_value=-0.076831092286249708 0.029063318975215399 -0.0013921737427159771 0.1023235585342849 0.032404440349308859
leaf_weight=6952.7163074314594 2288.3857963979244 2737.2398799806833 4457.1645335555077 367.7921479344368
leaf_count=28369 9170 10979 18372 1479
internal_value=0 -0.522909 0.780969 -0.708501
internal_weight=0 10057.7 6745.55 7320.51
internal_count=68369 40827 27542 29848
shrinkage=0.1


Tree=4
num_leaves=5
num_cat=0
split_feature=4 0 4 13
split_gain=5659.61 805.081 642.866 321.643
threshold=129.50000000000003 52.500000000000007 138.50000000000003 1.0000000180025095e-35
decision_type=2 2 2 2
left_child=1 -1 -2 -3
right_child=2 3 -4 -5
leaf_value=-0.076183992063712805 0.026225288318148868 -0.027004490254229824 0.094106198776410133 0.056426980651634762
leaf_weight=4957.008183658123 2285.0885851681232 4546.6172935217619 4368.3781710863113 472.71093513071537
leaf_count=20568 9170 18364 18372 1895
internal_value=0 -0.474857 0.71413 -0.183306
internal_weight=0 9976.34 6653.47 5019.33
internal_count=68369 40827 27542 20259
shrinkage=0.1


Tree=5
num_leaves=5
num_cat=0
split_feature=4 0 4 13
split_gain=4661.06 699.75 549.401 438.258
threshold=129.50000000000003 59.500000000000007 134.50000000000003 1.0000000180025095e-35
decision_type=2 2 2 2
left_child=1 3 -2 -1
right_child=2 -3 -4 -5
leaf_value=-0.061613676662786047 0.022790269520490698 0.011707759426917026 0.086361553211456693 0.033910142861778007
leaf_weight=7627.5554008483887 2219.5959907472134 1801.6436178088188 4331.1690245866776 456.73007363080978
leaf_count=31744 8922 7240 18620 1843
internal_value=0 -0.43168 0.654332 -0.55766
internal_weight=0 9885.93 6550.77 8084.29
internal_count=68369 40827 27542 33587
shrinkage=0.1


Tree=6
num_leaves=5
num_cat=0
split_feature=4 0 4 0
split_gain=3837.55 644.887 472.343 274.369
threshold=129.50000000000003 51.500000000000007 138.50000000000003 60.500000000000007
decision_type=2 2 2 2
left_child=1 -1 -2 -3
right_child=2 3 -4 -5
leaf_value=-0.069707820688435687 0.021285853974928524 -0.027881880866275712 0.080258703892439429 0.02571929404661237
leaf_weight=4077.1401368379593 2276.9879285395145 4586.4684928059578 4165.5567276477814 1129.3658450692892
leaf_count=17436 9170 18855 18372 4536
internal_value=0 -0.391907 0.600298 -0.167077
internal_weight=0 9792.97 6442.54 5715.83
internal_count=68369 40827 27542 23391
shrinkage=0.1


Tree=7
num_leaves=5
num_cat=0
split_feature=4 13 0 4
split_gain=3166.77 573.306 448.145 405.556
threshold=129.50000000000003 1.0000000180025095e-35 51.500000000000007 138.50000000000003
decision_type=2 2 2 2
left_child=1 2 -1 -2
right_child=3 -3 -4 -5
leaf_value=-0.068605705482150989 0.019215823189544953 0.050627350677447849 -0.022236216960451423 0.074268376733820626
leaf_weight=3851.2389843463898 2272.7568757236004 665.96876184642315 5182.9918238073587 4058.9225862622261
leaf_count=16824 9170 2689 21314 18372
internal_value=0 -0.356545 -0.424585 0.551204
internal_weight=0 9700.2 9034.23 6331.68
internal_count=68369 40827 38138 27542
shrinkage=0.1


Tree=8
num_leaves=5
num_cat=0
split_feature=4 0 4 11
split_gain=2614.65 474.491 348.884 303.709
threshold=129.50000000000003 54.500000000000007 134.50000000000003 1.0000000180025095e-35
decision_type=2 2 2 2
left_child=1 3 -2 -1
right_child=2 -3 -4 -5
leaf_value=0.0010787331033344917 0.016630873664806325 -0.0048180465908088639 0.06838961134286145 -0.060578877979197469
leaf_weight=841.67766778171062 2207.5978181362152 3925.1240950524807 4013.5496461391449 4835.1096342802048
leaf_count=3609 8922 15918 18620 21300
internal_value=0 -0.324562 0.506322 -0.509433
internal_weight=0 9601.91 6221.15 5676.79
internal_count=68369 40827 27542 24909
shrinkage=0.1


Tree=9
num_leaves=5
num_cat=0
split_feature=4 13 0 4
split_gain=2159.07 442.01 366.712 300.331
threshold=129.50000000000003 1.0000000180025095e-35 45.500000000000007 138.50000000000003
decision_type=2 2 2 2
left_child=1 2 -1 -2
right_child=3 -3 -4 -5
leaf_value=-0.077808275991248899 0.015596207322436679 0.046030020176922773 -0.024908218884600389 0.063717274266603452
leaf_weight=1712.6114131361246 2264.0193085372448 665.20143868029118 7131.4249649643898 3849.1420585513115
leaf_count=7781 9170 2689 30357 18372
internal_value=0 -0.295388 -0.356657 0.465097
internal_weight=0 9509.24 8844.04 6113.16
internal_count=68369 40827 38138 27542
shrinkage=0.1


Tree=10
num_leaves=5
num_cat=0
split_feature=4 4 4 13
split_gain=1782.59 403.288 257.392 275.483
threshold=129.50000000000003 118.50000000000001 138.50000000000003 1.0000000180025095e-35
decision_type=2 2 2 2
left_child=1 -1 3 -2
right_child=2 -3 -4 -5
leaf_value=-0.058129342918137254 -0.0014949201364509242 -0.01243636274608468 0.058998593689037919 0.084478331986953689
leaf_weight=2888.5776574313641 1834.1262132823467 6532.3293098062277 3748.5342870354652 425.83937278389931
leaf_count=12678 7442 28149 18372 1728
internal_value=0 -0.268716 0.427184 0.140786
internal_weight=0 9420.91 6008.5 2259.97
internal_count=68369 40827 27542 9170
shrinkage=0.1


Tree=11
num_leaves=5
num_cat=0
split_feature=4 0 11 0
split_gain=1470.69 387.851 302.211 222.971
threshold=129.50000000000003 60.500000000000007 1.0000000180025095e-35 45.500000000000007
decision_type=2 2 2 2
left_child=1 2 -1 -4
right_child=-2 -3 3 -5
leaf_value=0.0085844371768146899 0.039206685788461232 0.028862779931028593 -0.076355408976639269 -0.030141918593292988
leaf_weight=1387.0228177309036 5907.6141749024391 1124.3013269305229 1480.4967717677355 5365.4366354942322
leaf_count=5889 27542 4536 7021 23381
internal_value=0 -0.244129 -0.321118 -0.40795
internal_weight=0 9357.26 8232.96 6845.93
internal_count=68369 40827 36291 30402
shrinkage=0.1


Tree=12
num_leaves=5
num_cat=0
split_feature=4 13 4 0
split_gain=1264.41 682.365 354.718 212.13
threshold=134.50000000000003 1.0000000180025095e-35 118.50000000000001 59.500000000000007
decision_type=2 2 2 2
left_child=1 2 -1 -4
right_child=-2 -3 3 -5
leaf_value=-0.055897008360274641 0.051315077542214795 0.05835357801638779 -0.021745218584322674 0.017385851123307924
leaf_weight=2656.1630237549543 3646.4800011813641 1068.9718261808157 6037.3694153279066 1692.722761079669
leaf_count=12050 18620 4363 26489 6847
internal_value=0 -0.161167 -0.241816 -0.127633
internal_weight=0 11455.2 10386.3 7730.09
internal_count=68369 49749 45386 33336
shrinkage=0.1


Tree=13
num_leaves=5
num_cat=0
split_feature=4 13 0 0
split_gain=1047.86 560.011 309.829 129.478
threshold=134.50000000000003 1.0000000180025095e-35 54.500000000000007 42.500000000000007
decision_type=2 2 2 2
left_child=1 2 3 -1
right_child=-2 -3 -4 -5
leaf_value=-0.069636964183504985 0.04740787996487246 0.05301422662624386 -0.0011216248237667298 -0.028471809235188595
leaf_weight=1100.5181284099817 3558.929807305336 1061.6731666773558 4398.3306340575218 4811.4828001558781
leaf_count=5347 18620 4363 18035 22004
internal_value=0 -0.145977 -0.219526 -0.368803
internal_weight=0 11372 10310.3 5912
internal_count=68369 49749 45386 27351
shrinkage=0.1


Tree=14
num_leaves=5
num_cat=0
split_feature=4 13 4 0
split_gain=869.665 460.938 292.618 163.409
threshold=132.50000000000003 1.0000000180025095e-35 118.50000000000001 60.500000000000007
decision_type=2 2 2 2
left_child=1 2 -1 -4
right_child=-2 -3 3 -5
leaf_value=-0.049283932141444692 0.043711958940104975 0.048220772445046509 -0.015877648294419698 0.024843956761577413
leaf_weight=2578.6534852981567 3482.4457659572363 1052.8888728171587 6566.7324680238962 1088.7157936990261
leaf_count=12050 18643 4360 28923 4393
internal_value=0 -0.132935 -0.200086 -0.0963867
internal_weight=0 11287 10234.1 7655.45
internal_count=68369 49726 45366 33316
shrinkage=0.1


Tree=15
num_leaves=5
num_cat=0
split_feature=4 0 9 4
split_gain=723.362 262.462 179.023 121.478
threshold=129.50000000000003 45.500000000000007 27.680199937535757 138.50000000000003
decision_type=2 2 2 2
left_child=1 -1 -3 -2
right_child=3 2 -4 -5
leaf_value=-0.054553434604209861 0.0085351967613007916 -0.019569558096592905 0.013160997642322767 0.040742411988013018
leaf_weight=1566.0395742058754 2235.0069773346186 5127.967557862401 2344.5723463445902 3342.7156435847282
leaf_count=7986 9170 22593 10248 18372
internal_value=0 -0.17252 -0.0889096 0.284606
internal_weight=0 9038.58 7472.54 5577.72
internal_count=68369 40827 32841 27542
shrinkage=0.1


Tree=16
num_leaves=5
num_cat=0
split_feature=5 11 0 0
split_gain=607.963 354.704 238.255 111.398
threshold=89.500000000000014 1.0000000180025095e-35 51.500000000000007 60.500000000000007
decision_type=2 2 2 2
left_child=1 -1 -3 -4
right_child=-2 2 3 -5
leaf_value=0.022724469066704042 0.034934196757108259 -0.042652726512384616 -0.01530290275671943 0.019410069373723863
leaf_weight=2244.8660547882318 3719.8857623487711 3265.296177893877 4150.5249105244875 1104.154287904501
leaf_count=9999 19199 16380 18175 4616
internal_value=0 -0.118381 -0.213326 -0.0738751
internal_weight=0 10764.8 8519.98 5254.68
internal_count=68369 49170 39171 22791
shrinkage=0.1


Tree=17
num_leaves=5
num_cat=0
split_feature=4 11 0 8
split_gain=520.924 327.417 215.558 116.611
threshold=134.50000000000003 1.0000000180025095e-35 45.500000000000007 1.0000000180025095e-35
decision_type=2 2 2 2
left_child=1 -1 -3 -4
right_child=-2 2 3 -5
leaf_value=0.022580551085669663 0.035065619617019671 -0.054483135517683759 0.012370997542024875 -0.018059470333899322
leaf_weight=2312.3040073662996 3281.7517906725407 1461.9492222517729 1464.2823568880558 5849.5614056140184
leaf_count=9883 18620 7690 6419 25757
internal_value=0 -0.101546 -0.191573 -0.115385
internal_weight=0 11088.1 8775.79 7313.84
internal_count=68369 49749 39866 32176
shrinkage=0.1


Tree=18
num_leaves=5
num_cat=0
split_feature=4 4 11 0
split_gain=469.21 247.31 210.645 102.691
threshold=119.50000000000001 138.50000000000003 1.0000000180025095e-35 54.500000000000007
decision_type=2 2 2 2
left_child=-1 2 -2 -4
right_child=1 -3 3 -5
leaf_value=-0.037794102713539224 0.030037234579286577 0.03259482162626489 -0.020031575117951842 0.0041548750602936509
leaf_weight=2623.6978949904442 1800.4279029965401 3162.8036272376776 3550.7696997523308 3115.390745177865
leaf_count=12691 7626 18372 16868 12812
internal_value=0 0.0884478 -0 -0.0830427
internal_weight=0 11629.4 8466.59 6666.16
internal_count=68369 55678 37306 29680
shrinkage=0.1


Tree=19
num_leaves=5
num_cat=0
split_feature=4 5 11 0
split_gain=386.643 214.187 146.172 96.2833
threshold=119.50000000000001 89.500000000000014 1.0000000180025095e-35 42.500000000000007
decision_type=2 2 2 2
left_child=-1 2 -2 -4
right_child=1 -3 3 -5
leaf_value=-0.034541536716588175 0.024708562759347925 0.028638807076328161 -0.048639241286764216 -0.0036204837124542465
leaf_weight=2587.8010667711496 1714.8178935348988 3501.3092288076878 522.2272060662508 5808.1185317635536
leaf_count=12691 7714 18863 2807 26294
internal_value=0 0.0805915 -0.00581536 -0.0796917
internal_weight=0 11546.5 8045.16 6330.35
internal_count=68369 55678 36815 29101
shrinkage=0.1


Tree=20
num_leaves=5
num_cat=0
split_feature=4 4 11 3
split_gain=317.285 186.729 155.236 86.3428
threshold=119.50000000000001 149.50000000000003 1.0000000180025095e-35 69.65000000000002
decision_type=2 2 2 2
left_child=3 2 -2 -1
right_child=1 -3 -4 -5
leaf_value=-0.047925465115143354 0.024297693503132836 0.040541110044634121 -0.0046139046337020685 -0.0070053335008295487
leaf_weight=1445.3469097614288 2402.4659286141396 1457.3303198218346 7625.360180914402 1108.8559788018465
leaf_count=7248 11299 8757 35622 5443
internal_value=0 0.0726951 0.02054 -0.315459
internal_weight=0 11485.2 10027.8 2554.2
internal_count=68369 55678 46921 12691
shrinkage=0.1


Tree=21
num_leaves=5
num_cat=0
split_feature=5 0 3 4
split_gain=279.413 233.538 171.472 96.7914
threshold=89.500000000000014 60.500000000000007 79.250000000000014 119.50000000000001
decision_type=2 2 2 2
left_child=1 2 3 -1
right_child=-2 -3 -4 -5
leaf_value=-0.043057831681459956 0.024513308662440243 0.027417704749196681 0.0084082001098306752 -0.014180138092193685
leaf_weight=1810.1145149171352 3495.9877977669239 1507.5209560394287 2257.7025702744722 4886.803592979908
leaf_count=9364 19199 6480 10605 22721
internal_value=0 -0.080506 -0.144108 -0.225526
internal_weight=0 10462.1 8954.62 6696.92
internal_count=68369 49170 42690 32085
shrinkage=0.1


Tree=22
num_leaves=5
num_cat=0
split_feature=4 13 0 8
split_gain=228.553 212.004 136.083 136.004
threshold=138.50000000000003 1.0000000180025095e-35 42.500000000000007 1.0000000180025095e-35
decision_type=2 2 2 2
left_child=1 2 -1 -4
right_child=-2 -3 3 -5
leaf_value=-0.047430938892243923 0.02451920120982436 0.035402251153132412 0.016729557305425854 -0.013485548549885479
leaf_weight=950.70552372932434 2989.649820998311 1029.9767696410418 1786.3804849386215 7117.6361544728279
leaf_count=5360 18372 4417 7976 32244
internal_value=0 -0.0659454 -0.113598 -0.0706006
internal_weight=0 10884.7 9854.72 8904.02
internal_count=68369 49997 45580 40220
shrinkage=0.1


Tree=23
num_leaves=5
num_cat=0
split_feature=9 11 4 4
split_gain=209.612 104.213 90.8818 68.2701
threshold=24.842207347206106 1.0000000180025095e-35 117.50000000000001 149.50000000000003
decision_type=2 2 2 2
left_child=2 -2 -1 -3
right_child=1 3 -4 -5
leaf_value=-0.040900622874632052 0.026720562526561371 -0.0010735197476420995 -0.0076124721791499877 0.032377823456340785
leaf_weight=1165.0026397407055 2509.7393919378519 5589.9075901210308 3873.3375995159149 646.446563154459
leaf_count=6133 12718 26780 18658 4080
internal_value=0 0.0950222 -0.160532 0.0202092
internal_weight=0 8746.09 5038.34 6236.35
internal_count=68369 43578 24791 30860
shrinkage=0.1


Tree=24
num_leaves=5
num_cat=0
split_feature=5 4 0 9
split_gain=184.784 113.416 105.403 93.1327
threshold=78.500000000000014 149.50000000000003 60.500000000000007 27.522307172126421
decision_type=2 2 2 2
left_child=-1 2 3 -2
right_child=1 -3 -4 -5
leaf_value=-0.023181877564713228 -0.011453431876995006 0.033169596114799374 0.02585224312281786 0.010076613771160908
leaf_weight=2706.6819443404675 4888.9461237341166 1326.7213786244392 1526.3787437230349 3281.9218376874924
leaf_count=13606 23540 8515 6898 15810
internal_value=0 0.0587206 0.0175908 -0.0243551
internal_weight=0 11024 9697.25 8170.87
internal_count=68369 54763 46248 39350
shrinkage=0.1


Tree=25
num_leaves=5
num_cat=0
split_feature=9 11 5 0
split_gain=167.939 107.284 75.5331 85.998
threshold=23.328769523402531 1.0000000180025095e-35 89.500000000000014 53.500000000000007
decision_type=2 2 2 2
left_child=-1 -2 3 -3
right_child=1 2 -4 -5
leaf_value=-0.022487679480922299 0.021925828920402395 -0.01878450593865574 0.016940059876746363 0.0042610935343637959
leaf_weight=2624.7555389851332 2916.7749194502831 2814.0798315703869 1900.0958265215158 3411.7494932711124
leaf_count=13162 14830 14839 10641 14897
internal_value=0 0.055466 -9.81671e-05 -0.0570625
internal_weight=0 11042.7 8125.93 6225.83
internal_count=68369 55207 40377 29736
shrinkage=0.1


Tree=26
num_leaves=5
num_cat=0
split_feature=4 4 0 9
split_gain=149.681 85.1928 85.2153 69.1431
threshold=118.50000000000001 149.50000000000003 60.500000000000007 30.845346315968914
decision_type=2 2 2 2
left_child=-1 2 3 -2
right_child=1 -3 -4 -5
leaf_value=-0.022275932111300287 -0.0072321105074827493 0.028705155913178872 0.022781703575023213 0.015027155580077759
leaf_weight=2421.49280141294 6580.8355226069689 1329.2002980411053 1577.7156437933445 1699.3953103125095
leaf_count=12678 31535 8757 7176 8223
internal_value=0 0.0503162 0.0147659 -0.0227345
internal_weight=0 11187.1 9857.95 8280.23
internal_count=68369 55691 46934 39758
shrinkage=0.1


Tree=27
num_leaves=5
num_cat=0
split_feature=9 11 0 8
split_gain=133.103 93.5955 78.9626 59.8476
threshold=22.659479336237997 1.0000000180025095e-35 42.500000000000007 1.0000000180025095e-35
decision_type=2 2 2 2
left_child=-1 -2 -3 -4
right_child=1 2 3 -5
leaf_value=-0.024712621744005035 0.019249244720779737 -0.032442630523104928 0.019025527635847042 -0.0022658967891412934
leaf_weight=1834.2669293582439 3016.794580206275 712.01470631361008 1601.350436732173 6383.3225735127926
leaf_count=9317 15465 4274 7768 31545
internal_value=0 0.0409458 -0.00855277 0.016719
internal_weight=0 11713.5 8696.69 7984.67
internal_count=68369 59052 43587 39313
shrinkage=0.1


Tree=28
num_leaves=5
num_cat=0
split_feature=5 4 13 16
split_gain=119.615 69.347 69.8833 71.0341
threshold=78.500000000000014 149.50000000000003 1.0000000180025095e-35 1.0000000180025095e-35
decision_type=2 2 2 2
left_child=-1 2 -2 -4
right_child=1 -3 3 -5
leaf_value=-0.018852885217018351 -0.0012738731238277838 0.02674819596402447 0.04714085148555696 -0
leaf_weight=2646.4029422551394 8490.0770294964314 1261.2414490580559 614.79935671389103 502.94979564845562
leaf_count=13606 40691 8515 3114 2443
internal_value=0 0.0476548 0.0151127 0.248954
internal_weight=0 10869.1 9607.83 1117.75
internal_count=68369 54763 46248 5557
shrinkage=0.1


Tree=29
num_leaves=5
num_cat=0
split_feature=3 0 5 9
split_gain=111.543 78.5457 77.0128 61.5725
threshold=59.650000000000006 60.500000000000007 89.500000000000014 30.845346315968914
decision_type=2 2 2 2
left_child=-1 2 3 -2
right_child=1 -3 -4 -5
leaf_value=-0.024863101971330306 -0.0099197884792911022 0.022108677271913318 0.015044748946425365 0.011993540856637662
leaf_weight=1556.823694974184 6047.6605933606625 1867.9514127373695 2493.3055543005466 1499.0157170295715
leaf_count=8007 29655 9112 14469 7126
internal_value=0 0.0341116 -0 -0.0514755
internal_weight=0 11907.9 10040 7546.68
internal_count=68369 60362 51250 36781
shrinkage=0.1


Tree=30
num_leaves=5
num_cat=0
split_feature=0 0 3 8
split_gain=100.359 73.7552 77.214 49.2148
threshold=42.500000000000007 61.500000000000007 64.050000000000011 1.0000000180025095e-35
decision_type=2 2 2 2
left_child=-1 2 -2 -4
right_child=1 -3 3 -5
leaf_value=-0.029114160203980034 -0.015712497748386484 0.021055930891541546 0.019765454034567798 0
leaf_weight=1056.9035158902407 2526.5134973675013 1837.5089397877455 1604.3965465426445 6392.442744448781
leaf_count=6383 12700 8983 7945 32358
internal_value=0 0.0266922 -0.0029579 0.0423197
internal_weight=0 12360.9 10523.4 7996.84
internal_count=68369 61986 53003 40303
shrinkage=0.1


Tree=31
num_leaves=5
num_cat=0
split_feature=4 4 13 16
split_gain=91.4834 50.1341 49.1183 60.3413
threshold=118.50000000000001 149.50000000000003 1.0000000180025095e-35 1.0000000180025095e-35
decision_type=2 2 2 2
left_child=-1 2 -2 -4
right_child=1 -3 3 -5
leaf_value=-0.017665339390293279 -0.0010812335318120434 0.022620651060774356 0.041785271587054189 -0
leaf_weight=2356.5167551338673 8641.6717650443316 1267.2282424867153 605.79262959957123 519.36961789429188
leaf_count=12678 41246 8757 3155 2533
internal_value=0 0.0394718 0.0117044 0.207523
internal_weight=0 11034.1 9766.83 1125.16
internal_count=68369 55691 46934 5688
shrinkage=0.1


Tree=32
num_leaves=5
num_cat=0
split_feature=9 0 5 9
split_gain=81.3384 66.617 67.0526 53.1463
threshold=21.792900166602596 59.500000000000007 89.500000000000014 30.845346315968914
decision_type=2 2 2 2
left_child=-1 2 3 -2
right_child=1 -3 -4 -5
leaf_value=-0.025665495838984 -0.010946353078954162 0.015563863455899066 0.013147736515095383 0.010239335095380872
leaf_weight=1099.3560076355934 5716.5186638981104 2955.4533612579107 2238.0350624024868 1333.0211622267962
leaf_count=5758 28659 14467 13091 6394
internal_value=0 0.0245733 -0.0141931 -0.0649583
internal_weight=0 12243 9287.57 7049.54
internal_count=68369 62611 48144 35053
shrinkage=0.1


Tree=33
num_leaves=5
num_cat=0
split_feature=0 4 8 13
split_gain=78.5682 64.1891 49.5925 55.1835
threshold=41.500000000000007 109.50000000000001 1.0000000180025095e-35 1.0000000180025095e-35
decision_type=2 2 2 2
left_child=-1 -2 -3 -4
right_child=1 2 3 -5
leaf_value=-0.034093845594715302 -0.028817819112424717 0.016472820240704289 -0.0023292082932459303 0.02078742858784452
leaf_weight=616.17056421935558 605.18522115051746 2404.228955462575 8525.046534255147 1147.2064503580332
leaf_count=3811 3283 12019 43097 6159
internal_value=0 0.0183364 0.0366947 0.00145989
internal_weight=0 12681.7 12076.5 9672.25
internal_count=68369 64558 61275 49256
shrinkage=0.1


Tree=34
num_leaves=5
num_cat=0
split_feature=3 0 4 9
split_gain=68.0141 46.8896 44.197 38.0423
threshold=59.650000000000006 62.500000000000007 149.50000000000003 31.245114898085461
decision_type=2 2 2 2
left_child=-1 2 3 -2
right_child=1 -3 -4 -5
leaf_value=-0.019641564392661976 -0.0046523381414739729 0.024047577947647933 0.020338746251626166 0.010710370739403617
leaf_weight=1523.5070059597492 7859.6352228522301 927.43336462974548 1013.2379984110594 1946.368884652853
leaf_count=8007 38955 4643 7194 9570
internal_value=0 0.0266374 0.00506885 -0.0127989
internal_weight=0 11746.7 10819.2 9806
internal_count=68369 60362 55719 48525
shrinkage=0.1


Tree=35
num_leaves=5
num_cat=0
split_feature=0 4 8 13
split_gain=64.2405 48.0553 42.1819 38.8306
threshold=42.500000000000007 109.50000000000001 1.0000000180025095e-35 1.0000000180025095e-35
decision_type=2 2 2 2
left_child=-1 -2 -3 -4
right_child=1 2 3 -5
leaf_value=-0.023676229440723139 -0.025259800177490074 0.015782053305923496 -0.001668525306536841 0.017912551078605253
leaf_weight=1024.0466880500317 559.87394069135189 2323.4332496076822 8210.1566501259804 1120.4416802376509
leaf_count=6383 3025 11567 41301 6093
internal_value=0 0.0212905 0.0374892 0.00400352
internal_weight=0 12213.9 11654 9330.6
internal_count=68369 61986 58961 47394
shrinkage=0.1


Tree=36
num_leaves=5
num_cat=0
split_feature=5 0 11 14
split_gain=56.1407 33.6454 31.9457 39.3533
threshold=78.500000000000014 55.500000000000007 1.0000000180025095e-35 1.0000000180025095e-35
decision_type=2 2 2 2
left_child=1 -1 3 -2
right_child=2 -3 -4 -5
leaf_value=-0.022197259722038912 -0 0 0 0.022370883368895658
leaf_weight=1569.1409268006682 1066.7919829040766 988.98745375871658 7959.0016963630915 1628.2397345304489
leaf_count=9185 5682 4421 40218 8863
internal_value=0 -0.131748 0.0325875 0.126193
internal_weight=0 2558.13 10654 2695.03
internal_count=68369 13606 54763 14545
shrinkage=0.1


Tree=37
num_leaves=5
num_cat=0
split_feature=9 0 5 0
split_gain=54.4959 42.3932 40.8123 40.5439
threshold=21.792900166602596 62.500000000000007 89.500000000000014 41.500000000000007
decision_type=2 2 2 2
left_child=-1 2 3 -2
right_child=1 -3 -4 -5
leaf_value=-0.021251514435615987 -0.03291189663154017 0.021935699846717411 0.010709291433408531 -0.0012073942393799673
leaf_weight=1078.2790706902742 422.3786042407155 956.94250413775444 2762.6791574656963 7964.3482127711177
leaf_count=5758 2714 4830 16538 38529
internal_value=0 0.0198084 0 -0.0324649
internal_weight=0 12106.3 11149.4 8386.73
internal_count=68369 62611 57781 41243
shrinkage=0.1


Tree=38
num_leaves=5
num_cat=0
split_feature=3 0 4 11
split_gain=47.1655 52.9389 41.6474 21.7677
threshold=73.100000000000009 58.500000000000007 118.50000000000001 1.0000000180025095e-35
decision_type=2 2 2 2
left_child=1 2 -1 -2
right_child=3 -3 -4 -5
leaf_value=-0.027193740041817023 0.016281483856075869 0.0082818037358638186 -0.0048823592041663923 0.0018787650385491761
leaf_weight=1237.8325573429465 1718.7294897809625 1832.0258696824312 4122.5834437459707 4240.1781372129917
leaf_count=7534 9483 8648 20984 21720
internal_value=0 -0.0542781 -0.10686 0.0658109
internal_weight=0 7192.44 5360.42 5958.91
internal_count=68369 37166 28518 31203
shrinkage=0.1


Tree=39
num_leaves=5
num_cat=0
split_feature=3 8 4 13
split_gain=44.1856 38.3269 38.932 60.7092
threshold=55.800000000000004 1.0000000180025095e-35 138.50000000000003 1.0000000180025095e-35
decision_type=2 2 2 2
left_child=-1 -2 3 -3
right_child=1 2 -4 -5
leaf_value=-0.023333242134919024 0.012609784430011095 -0.0077812192694543363 0.01054793802807856 0.021139107138109042
leaf_weight=739.31412512809038 2487.2996182665229 7049.2916892841458 2100.1096604168415 744.40819858014584
leaf_count=4010 12725 33904 14325 3405
internal_value=0 0.0147048 -0.0105017 -0.0458105
internal_weight=0 12381.1 9893.81 7793.7
internal_count=68369 64359 51634 37309
shrinkage=0.1


Tree=40
num_leaves=5
num_cat=0
split_feature=0 0 9 6
split_gain=43.3508 35.0446 37.119 30.4
threshold=41.500000000000007 62.500000000000007 33.666031340795755 1.0000000180025095e-35
decision_type=2 2 2 2
left_child=-1 2 3 -2
right_child=1 -3 -4 -5
leaf_value=-0.026010522704838352 -0.00021207620438338387 0.018928581096627772 0.015644677672156739 -0.019371233070259605
leaf_weight=585.37489318847656 9277.6546871736646 1016.263569869101 1274.6957039237022 928.78926058113575
leaf_count=3811 47674 5149 6876 4859
internal_value=0 0.0132296 -9.36603e-05 -0.0228847
internal_weight=0 12497.4 11481.1 10206.4
internal_count=68369 64558 59409 52533
shrinkage=0.1


Tree=41
num_leaves=5
num_cat=0
split_feature=4 6 4 0
split_gain=39.9989 30.9064 28.7991 25.5038
threshold=109.50000000000001 1.0000000180025095e-35 138.50000000000003 59.500000000000007
decision_type=2 2 2 2
left_child=-1 3 -3 -2
right_child=1 2 -4 -5
leaf_value=-0.024013712868291171 0 -0.024426690623382444 0.0061905804227126906 0.011295866982801404
leaf_weight=634.42313958704472 8540.9178386777639 815.46566840261221 264.98796786367893 2811.3622004315257
leaf_count=3752 44901 3911 1801 14004
internal_value=0 0.0129476 -0.142264 0.0306149
internal_weight=0 12432.7 1080.45 11352.3
internal_count=68369 64617 5712 58905
shrinkage=0.1


Tree=42
num_leaves=5
num_cat=0
split_feature=9 11 14 0
split_gain=36.0078 26.9973 38.8436 30.5318
threshold=21.229229820389854 1.0000000180025095e-35 1.0000000180025095e-35 42.500000000000007
decision_type=2 2 2 2
left_child=-1 2 -2 -3
right_child=1 3 -4 -5
leaf_value=-0.021088322283879819 -0.0023058873751066107 -0.020388470509475478 0.018895216012578639 0.0003085253769563434
leaf_weight=736.86353285610676 1192.6594975069165 734.33544605970383 1836.188389480114 8547.7086857333779
leaf_count=4054 6337 4867 10007 43104
internal_value=0 0.0134021 0.0960945 -0.0105283
internal_weight=0 12310.9 3028.85 9282.04
internal_count=68369 64315 16344 47971
shrinkage=0.1


Tree=43
num_leaves=5
num_cat=0
split_feature=3 0 8 4
split_gain=32.3441 27.0917 26.6563 18.4933
threshold=59.650000000000006 55.500000000000007 1.0000000180025095e-35 149.50000000000003
decision_type=2 2 2 2
left_child=1 -1 -2 -4
right_child=2 -3 3 -5
leaf_value=-0.025770764582086842 0.011335008925354158 0 -0.0021080664272740616 0.01274373990249694
leaf_weight=815.48587621748447 2336.3635154590011 664.95629946887493 8320.1369303241372 893.08710937947035
leaf_count=4868 11997 3139 41759 6606
internal_value=0 -0.137911 0.0179993 -0.00315444
internal_weight=0 1480.44 11549.6 9213.22
internal_count=68369 8007 60362 48365
shrinkage=0.1


Tree=44
num_leaves=5
num_cat=0
split_feature=4 7 0 9
split_gain=31.0749 25.6338 21.8328 18.0452
threshold=109.50000000000001 1.0000000180025095e-35 41.500000000000007 33.666031340795755
decision_type=2 2 2 2
left_child=-1 2 -2 -4
right_child=1 -3 3 -5
leaf_value=-0.021366533521147289 -0.016933272669336911 -0.017360810658627514 0.0017625173743412552 0.01495232535293553
leaf_weight=623.24799574166536 482.24587942659855 648.52937792986631 9973.2660508006811 1285.3665129318833
leaf_count=3752 3135 3468 50980 7034
internal_value=0 0.0112532 0.024334 0.0356169
internal_weight=0 12389.4 11740.9 11258.6
internal_count=68369 64617 61149 58014
shrinkage=0.1


Tree=45
num_leaves=5
num_cat=0
split_feature=0 5 9 13
split_gain=27.9165 34.7588 35.9834 31.4669
threshold=62.500000000000007 89.500000000000014 26.956482670862368 1.0000000180025095e-35
decision_type=2 2 2 2
left_child=1 2 -1 -4
right_child=-2 -3 3 -5
leaf_value=-0.0098042450505679887 0.015799291326786393 0.0078371119732409244 -0 0.027968736144432474
leaf_weight=5497.769072778523 1004.7332464531064 2858.3496306091547 3230.6950840428472 407.89532279968262
leaf_count=28233 5149 17333 15613 2041
internal_value=0 -0.0137208 -0.0459319 0.0247332
internal_weight=0 11994.7 9136.36 3638.59
internal_count=68369 63220 45887 17654
shrinkage=0.1


Tree=46
num_leaves=5
num_cat=0
split_feature=3 8 4 13
split_gain=25.2609 25.3476 21.1188 40.108
threshold=55.800000000000004 1.0000000180025095e-35 135.50000000000003 1.0000000180025095e-35
decision_type=2 2 2 2
left_child=-1 -2 3 -3
right_child=1 2 -4 -5
leaf_value=-0.017873330015443667 0.010216233237853582 -0.0062584333716875773 0.0075760385620572638 0.017330708080594986
leaf_weight=721.37595771253109 2468.7409810051322 6981.9240985661745 2062.3224504217505 730.88633644580841
leaf_count=4010 12725 33882 14356 3396
internal_value=0 0.0109891 -0.00916091 -0.0359038
internal_weight=0 12243.9 9775.13 7712.81
internal_count=68369 64359 51634 37278
shrinkage=0.1


Tree=47
num_leaves=5
num_cat=0
split_feature=0 6 4 9
split_gain=24.6314 21.3517 19.7679 23.4126
threshold=41.500000000000007 1.0000000180025095e-35 138.50000000000003 26.488523975574783
decision_type=2 2 2 2
left_child=-1 -2 3 -3
right_child=1 2 -4 -5
leaf_value=-0.019965596708768036 0.0024853013505552269 -0.03502483891878818 0.0039581431765298731 -0
leaf_weight=564.69554471224546 11314.528370797634 452.31413431465626 248.35818766802549 356.10121250152588
leaf_count=3811 58934 2258 1726 1640
internal_value=0 0.00985777 -0.120017 -0.20487
internal_weight=0 12371.3 1056.77 808.415
internal_count=68369 64558 5624 3898
shrinkage=0.1


Tree=48
num_leaves=5
num_cat=0
split_feature=4 7 16 13
split_gain=23.1956 19.9982 18.6095 47.1367
threshold=109.50000000000001 1.0000000180025095e-35 1.0000000180025095e-35 1.0000000180025095e-35
decision_type=2 2 2 2
left_child=-1 2 3 -2
right_child=1 -3 -4 -5
leaf_value=-0.01862257882878517 0.0014823679234432516 -0.015342439699360081 -0.010593299702717572 0.028838041200280565
leaf_weight=611.67052332311869 10076.906591698527 643.9355878084898 914.34296987205744 680.34456867724657
leaf_count=3752 52333 3468 4776 4040
internal_value=0 0.00980091 0.0216556 0.0354861
internal_weight=0 12315.5 11671.6 10757.3
internal_count=68369 64617 61149 56373
shrinkage=0.1


Tree=49
num_leaves=5
num_cat=0
split_feature=0 3 4 1
split_gain=21.6699 29.5315 27.7068 18.2681
threshold=61.500000000000007 77.500000000000014 132.50000000000003 1.0000000180025095e-35
decision_type=2 2 2 2
left_child=1 2 -1 -2
right_child=3 -3 -4 -5
leaf_value=-0.0084968931951134707 -0 0.0049852134899971692 0.0072339319862442372 0.018258231906304198
leaf_weight=6126.5701048672199 670.61757892370224 3886.9190443530679 1146.2264684140682 1085.1757269352674
leaf_count=31085 3389 20745 7556 5594
internal_value=0 -0.0163666 -0.0559146 0.102461
internal_weight=0 11159.7 7272.8 1755.79
internal_count=68369 59386 38641 8983
shrinkage=0.1


Tree=50
num_leaves=5
num_cat=0
split_feature=9 8 4 13
split_gain=20.0303 17.5777 15.3936 33.8326
threshold=20.754397933926153 1.0000000180025095e-35 138.50000000000003 1.0000000180025095e-35
decision_type=2 2 2 2
left_child=-1 -2 3 -3
right_child=1 2 -4 -5
leaf_value=-0.018770020440617263 0.008434254364903809 -0.0055188510660044883 0.0064332702416258413 0.01606243521047683
leaf_weight=519.9326181486249 2491.8903420045972 7081.7570591196418 2058.8602736666799 735.13819216191769
leaf_count=2964 12891 34571 14494 3449
internal_value=0 0.00853212 -0.00771752 -0.0306542
internal_weight=0 12367.6 9875.76 7816.9
internal_count=68369 65405 52514 38020
shrinkage=0.1


Tree=51
num_leaves=5
num_cat=0
split_feature=0 7 5 16
split_gain=19.1981 15.9681 14.6739 14.3902
threshold=41.500000000000007 1.0000000180025095e-35 88.500000000000014 1.0000000180025095e-35
decision_type=2 2 2 2
left_child=2 3 -1 -2
right_child=1 -3 -4 -5
leaf_value=-0.02636924877563154 0.0032062076049631768 -0.013726802505178283 0 -0.009137102158037631
leaf_weight=450.1778988391161 10754.026415020227 636.14628743380308 106.30017083883286 914.86545500904322
leaf_count=3219 56362 3417 592 4779
internal_value=0 0.00887087 -0.177358 0.0196581
internal_weight=0 12305 556.478 11668.9
internal_count=68369 64558 3811 61141
shrinkage=0.1


Tree=52
num_leaves=5
num_cat=0
split_feature=0 5 3 10
split_gain=17.643 22.5403 15.4952 14.3483
threshold=62.500000000000007 79.500000000000014 64.600000000000009 59.500000000000007
decision_type=2 2 2 2
left_child=1 2 -1 -3
right_child=-2 3 -4 -5
leaf_value=-0.021399009214495748 0.012666644027247667 -0.00029449464732864378 -0.0017079342854802297 0.011215411002327352
leaf_weight=813.29710934311152 991.41731542348862 8333.8289861157537 1556.9244574308395 1163.3144244924188
leaf_count=4975 5149 41633 8292 8320
internal_value=0 -0.0107233 -0.0985882 0.00823933
internal_weight=0 11867.4 2370.22 9497.14
internal_count=68369 63220 13267 49953
shrinkage=0.1


Tree=53
num_leaves=5
num_cat=0
split_feature=3 8 6 4
split_gain=16.23 16.6894 14.109 15.9787
threshold=55.800000000000004 1.0000000180025095e-35 1.0000000180025095e-35 138.50000000000003
decision_type=2 2 2 2
left_child=-1 -2 -3 -4
right_child=1 2 3 -5
leaf_value=-0.014489956631406328 0.0082916573073656182 0.00014918756827853963 -0.020919749446497087 0.00057171889994278666
leaf_weight=707.8028918504715 2456.088112808764 8793.0771182850003 676.03117065876722 204.47948668152094
leaf_count=4010 12725 46834 3377 1423
internal_value=0 0.00853927 -0.00740287 -0.127209
internal_weight=0 12129.7 9673.59 880.511
internal_count=68369 64359 51634 4800
shrinkage=0.1


Tree=54
num_leaves=5
num_cat=0
split_feature=4 6 4 9
split_gain=15.3755 13.3522 14.2997 14.7821
threshold=109.50000000000001 1.0000000180025095e-35 138.50000000000003 26.488523975574783
decision_type=2 2 2 2
left_child=-1 -2 3 -3
right_child=1 2 -4 -5
leaf_value=-0.015348356288200988 0.0020243241635097557 -0.02892716060018477 0.0027447703493947775 -0
leaf_weight=597.94229743629694 11181.632133044302 435.64491183310747 258.13240072876215 357.78914684057236
leaf_count=3752 58905 2238 1801 1673
internal_value=0 0.00781127 -0.0940674 -0.170005
internal_weight=0 12233.2 1051.57 793.434
internal_count=68369 64617 5712 3911
shrinkage=0.1


Tree=55
num_leaves=5
num_cat=0
split_feature=0 9 4 0
split_gain=14.3847 12.8511 19.4399 15.1198
threshold=41.500000000000007 33.666031340795755 120.50000000000001 61.500000000000007
decision_type=2 2 2 2
left_child=-1 3 -3 -2
right_child=1 2 -4 -5
leaf_value=-0.015535070917626452 -0.001949772930054912 0.023549446346935746 -0 0.0086432009007826448
leaf_weight=547.31704872101545 9379.7441520988941 569.83935907483101 798.54152239859104 1527.0300972983241
leaf_count=3811 49223 2577 5044 7714
internal_value=0 0.00710483 0.0982738 -0.0017713
internal_weight=0 12275.2 1368.38 10906.8
internal_count=68369 64558 7621 56937
shrinkage=0.1


Tree=56
num_leaves=5
num_cat=0
split_feature=9 16 13 4
split_gain=13.3235 12.0361 38.1903 30.5822
threshold=20.230289366720058 1.0000000180025095e-35 1.0000000180025095e-35 136.50000000000003
decision_type=2 2 2 2
left_child=-1 2 -2 -4
right_child=1 -3 3 -5
leaf_value=-0.018165870238675389 0 -0.0096049175082642008 0.038360496193116621 -0
leaf_weight=368.8073323816061 10755.352001026273 965.85018625110388 466.83021730184555 259.40177325904369
leaf_count=2152 56750 5069 2281 2117
internal_value=0 0.00562013 0.0169553 0.235344
internal_weight=0 12447.4 11481.6 726.232
internal_count=68369 66217 61148 4398
shrinkage=0.1


Tree=57
num_leaves=5
num_cat=0
split_feature=5 3 8 10
split_gain=12.6009 12.4032 10.3293 11.6002
threshold=79.500000000000014 64.600000000000009 1.0000000180025095e-35 53.500000000000007
decision_type=2 2 2 2
left_child=1 -1 -2 -4
right_child=2 -3 3 -5
leaf_value=-0.016125476175029806 0.0078142726372571313 -0 -0.001548073237212403 0.0093684571000421501
leaf_weight=845.92788199335337 2063.1493636220694 1662.2989021539688 7135.0280263498425 1103.2358216270804
leaf_count=5184 10719 8778 35741 7947
internal_value=0 -0.0634534 0.0152761 -0
internal_weight=0 2508.23 10301.4 8238.26
internal_count=68369 13962 54407 43688
shrinkage=0.1


Tree=58
num_leaves=5
num_cat=0
split_feature=7 11 14 0
split_gain=12.2613 10.9223 32.559 16.8236
threshold=1.0000000180025095e-35 1.0000000180025095e-35 1.0000000180025095e-35 42.500000000000007
decision_type=2 2 2 2
left_child=1 2 -1 -3
right_child=-2 3 -4 -5
leaf_value=-0.0049404799244395876 -0.013016302057721569 -0.015266786594766185 0.015260019828827879 0.00021733244935540492
leaf_weight=1149.9489409178495 665.65376369655132 716.17313106358051 1727.6538424491882 8535.3687678351998
leaf_count=6163 3651 5095 9712 43748
internal_value=0 0.00699078 0.0617805 -0.00692734
internal_weight=0 12129.1 2877.6 9251.54
internal_count=68369 64718 15875 48843
shrinkage=0.1


Tree=59
num_leaves=5
num_cat=0
split_feature=0 5 9 0
split_gain=11.6854 15.1497 18.4174 14.5289
threshold=62.500000000000007 89.500000000000014 30.845346315968914 44.500000000000007
decision_type=2 2 2 2
left_child=1 2 3 -1
right_child=-2 -3 -4 -5
leaf_value=-0.017114857275061537 0.010289087337456046 0.0050659665678074546 0.0056145440294616536 -0.0030744814561304416
leaf_weight=1025.1520974114537 982.30048456043005 2801.1617987602949 1610.4304707795382 6366.3239880129695
leaf_count=7032 5149 17333 7809 31046
internal_value=0 -0.00939007 -0.0314816 -0.0547346
internal_weight=0 11803.1 9001.91 7391.48
internal_count=68369 63220 45887 38078
shrinkage=0.1


Tree=60
num_leaves=5
num_cat=0
split_feature=4 16 13 4
split_gain=10.7254 10.617 27.7363 26.2588
threshold=109.50000000000001 1.0000000180025095e-35 1.0000000180025095e-35 136.50000000000003
decision_type=2 2 2 2
left_child=-1 2 -2 -4
right_child=1 -3 3 -5
leaf_value=-0.012966409483158955 0.00011714063995327059 -0.008894925749597939 0.034957312840778985 -0
leaf_weight=587.32338101416826 10510.011146321893 960.01115190982819 445.76942270994186 259.81025927513838
leaf_count=3752 55212 5029 2234 2142
internal_value=0 0.0061686 0.0171451 0.206358
internal_weight=0 12175.6 11215.6 705.58
internal_count=68369 64617 59588 4376
shrinkage=0.1


Tree=61
num_leaves=5
num_cat=0
split_feature=8 4 13 6
split_gain=10.3723 10.5719 21.8553 18.4361
threshold=1.0000000180025095e-35 135.50000000000003 1.0000000180025095e-35 1.0000000180025095e-35
decision_type=2 2 2 2
left_child=-1 2 3 -2
right_child=1 -3 -4 -5
leaf_value=0.0056089872728548526 -0.0031706709221826675 0.0042433323719811072 0.011573946561668321 -0.022152679066106611
leaf_weight=2572.6677404642105 6711.2176073417068 2091.6739115491509 746.28854927420616 632.87706222385168
leaf_count=13444 33243 14850 3558 3274
internal_value=0 -0.014703 -0.0332509 -0.0527771
internal_weight=0 10182.1 8090.38 7344.09
internal_count=68369 54925 40075 36517
shrinkage=0.1


Tree=62
num_leaves=5
num_cat=0
split_feature=3 7 16 11
split_gain=10.095 9.43956 10.1415 18.4317
threshold=54.750000000000007 1.0000000180025095e-35 1.0000000180025095e-35 1.0000000180025095e-35
decision_type=2 2 2 2
left_child=-1 2 3 -2
right_child=1 -3 -4 -5
leaf_value=-0.012843169232627936 0.011013656030886113 -0.010431296091111195 -0.0077462486504482168 0.00016177806555680703
leaf_weight=561.81017715483904 2084.7115550041199 645.6294107362628 909.74756205826998 8533.6874428614974
leaf_count=3262 11805 3553 4764 44985
internal_value=0 0.00606548 0.0150397 0.0259345
internal_weight=0 12173.8 11528.1 10618.4
internal_count=68369 65107 61554 56790
shrinkage=0.1


Tree=63
num_leaves=5
num_cat=0
split_feature=0 3 5 0
split_gain=9.11806 12.325 12.9234 10.2167
threshold=62.500000000000007 73.100000000000009 89.500000000000014 46.500000000000007
decision_type=2 2 2 2
left_child=1 2 3 -1
right_child=-2 -3 -4 -5
leaf_value=-0.01602496999150076 0.0091324243819456488 0.0024002744838192923 0.0040694720447519376 -0.0031674500757459334
leaf_weight=1025.2405799180269 976.90354779362679 5327.9160465598106 1169.2321712225676 4230.8220997452736
leaf_count=6981 5149 28629 6949 20661
internal_value=0 -0.00813196 -0.0394213 -0.0630259
internal_weight=0 11753.2 6425.29 5256.06
internal_count=68369 63220 34591 27642
shrinkage=0.1


Tree=64
num_leaves=5
num_cat=0
split_feature=9 8 10 0
split_gain=8.31729 8.10966 10.62 10.2888
threshold=20.230289366720058 1.0000000180025095e-35 43.500000000000007 50.500000000000007
decision_type=2 2 2 2
left_child=-1 2 3 -2
right_child=1 -3 -4 -5
leaf_value=-0.014502955209994201 -0 -0.0005853327075550388 -0.00051560976922019046 0.015878415732605743
leaf_weight=360.99852931499481 533.79627454280853 9847.016092710197 848.10760072618723 1123.1620744541287
leaf_count=2152 2959 53140 5150 4968
internal_value=0 0.00440777 0.0562956 0.105247
internal_weight=0 12352.1 2505.07 1656.96
internal_count=68369 66217 13077 7927
shrinkage=0.1


Tree=65
num_leaves=5
num_cat=0
split_feature=4 16 13 4
split_gain=7.97592 8.34763 18.2628 21.566
threshold=109.50000000000001 1.0000000180025095e-35 1.0000000180025095e-35 136.50000000000003
decision_type=2 2 2 2
left_child=-1 2 -2 -4
right_child=1 -3 3 -5
leaf_value=-0.011281012274013038 0.00015459667821892574 -0.0078904279240113468 0.030393022687115835 -0
leaf_weight=580.09756499528885 10479.711466111243 960.72629640996456 435.22198814153671 256.96843771636486
leaf_count=3752 55212 5029 2234 2142
internal_value=0 0.00497474 0.015015 0.17038
internal_weight=0 12132.6 11171.9 692.19
internal_count=68369 64617 59588 4376
shrinkage=0.1


Tree=66
num_leaves=5
num_cat=0
split_feature=7 5 10 16
split_gain=7.91035 8.05464 7.78568 10.0073
threshold=1.0000000180025095e-35 89.500000000000014 39.500000000000007 1.0000000180025095e-35
decision_type=2 2 2 2
left_child=2 -2 -1 -4
right_child=1 -3 3 -5
leaf_value=-0.0065649105657749757 -0.018255403821053104 0 0.0027419370100698198 -0.0076894452094429773
leaf_weight=1209.7262862771749 445.95629357546568 214.48794439435005 9960.1141838356853 875.25982736796141
leaf_count=6724 2352 1299 53402 4592
internal_value=0 -0.10527 0.00528104 0.0160852
internal_weight=0 660.444 12045.1 10835.4
internal_count=68369 3651 64718 57994
shrinkage=0.1


Tree=67
num_leaves=5
num_cat=0
split_feature=0 5 8 10
split_gain=7.49418 7.54583 6.49773 10.1713
threshold=40.500000000000007 89.500000000000014 1.0000000180025095e-35 43.500000000000007
decision_type=2 2 2 2
left_child=1 -1 3 -2
right_child=2 -3 -4 -5
leaf_value=-0.020211646329323551 0.0099523559126067501 0 -0.00052851015169008361 -0.001038452832938898
leaf_weight=341.22177720069885 1639.057575635612 82.863806299865246 9798.3819408863783 841.72956220805645
leaf_count=2597 7732 462 52473 5105
internal_value=0 -0.12807 0.00361945 0.0504971
internal_weight=0 424.086 12279.2 2480.79
internal_count=68369 3059 65310 12837
shrinkage=0.1


Tree=68
num_leaves=5
num_cat=0
split_feature=4 6 9 0
split_gain=7.60382 12.9375 12.7837 12.2762
threshold=149.50000000000003 1.0000000180025095e-35 26.185690935609717 59.500000000000007
decision_type=2 2 2 2
left_child=1 3 -3 -1
right_child=-2 2 -4 -5
leaf_value=-0.0017637721015134633 0.0076182026550729908 -0.022729128555090208 0 0.0062170700413766745
leaf_weight=8111.312098518014 1127.1862914636731 492.85391203314066 472.36594394594431 2498.410837598145
leaf_count=42672 8757 2726 2425 11789
internal_value=0 -0.00894737 -0.118454 0
internal_weight=0 11574.9 965.22 10609.7
internal_count=68369 59612 5151 54461
shrinkage=0.1


Tree=69
num_leaves=5
num_cat=0
split_feature=3 0 8 10
split_gain=6.88402 6.73523 6.0987 7.45013
threshold=55.800000000000004 55.500000000000007 1.0000000180025095e-35 46.500000000000007
decision_type=2 2 2 2
left_child=1 -1 3 -2
right_child=2 -3 -4 -5
leaf_value=-0.018531652795206344 0.0090651794333132512 0 -0.00041085701941943827 -0
leaf_weight=366.51768979430199 1635.5331868603826 321.93996139615774 9560.7874994948506 804.00174466520548
leaf_count=2456 7791 1554 51634 4934
internal_value=0 -0.0966193 0.00448963 0.0500931
internal_weight=0 688.458 12000.3 2439.53
internal_count=68369 4010 64359 12725
shrinkage=0.1


Tree=70
num_leaves=5
num_cat=0
split_feature=3 4 0 4
split_gain=6.50786 20.5603 11.1121 13.7969
threshold=82.350000000000009 121.50000000000001 61.500000000000007 132.50000000000003
decision_type=2 2 2 2
left_child=2 -2 3 -1
right_child=1 -3 -4 -5
leaf_value=-0.0050151048115085368 0.013228466861919658 -0.0023146171566906315 0.0064037234127489063 0.0049986257714045405
leaf_weight=7022.322297975421 1367.0406820625067 1571.91667599231 1318.6706767901778 1408.2966084554791
leaf_count=35933 6432 9741 6664 9599
internal_value=0 0.039489 -0.0139034 -0.0297843
internal_weight=0 2938.96 9749.29 8430.62
internal_count=68369 16173 52196 45532
shrinkage=0.1


Tree=71
num_leaves=5
num_cat=0
split_feature=4 6 9 0
split_gain=5.90152 10.6899 10.0076 8.6341
threshold=149.50000000000003 1.0000000180025095e-35 26.185690935609717 59.500000000000007
decision_type=2 2 2 2
left_child=1 3 -3 -1
right_child=-2 2 -4 -5
leaf_value=-0.0014397957410003884 0.006739857215989048 -0.02044124293833928 -0 0.0052546804768675674
leaf_weight=8100.8530321866274 1119.8566376194358 489.33214711397886 472.75576542317867 2494.0582251101732
leaf_count=42672 8757 2726 2425 11789
internal_value=0 -0.0078303 -0.107576 0
internal_weight=0 11557 962.088 10594.9
internal_count=68369 59612 5151 54461
shrinkage=0.1


Tree=72
num_leaves=5
num_cat=0
split_feature=5 0 12 2
split_gain=5.65078 7.66875 11.086 6.5433
threshold=79.500000000000014 47.500000000000007 1.0000000180025095e-35 164.50000000000003
decision_type=2 2 2 2
left_child=1 2 -1 -3
right_child=-2 3 -4 -5
leaf_value=-0.021094027518826632 0.00094005663707229898 -0.0063190855562797812 0 0.0051443879289373396
leaf_weight=505.1912209764123 10198.319807350636 1037.811202801764 75.018250703811646 848.87297830730677
leaf_count=3884 54407 5343 458 4277
internal_value=0 -0.043666 -0.14347 -0
internal_weight=0 2466.89 580.209 1886.68
internal_count=68369 13962 4342 9620
shrinkage=0.1


Tree=73
num_leaves=5
num_cat=0
split_feature=7 5 10 16
split_gain=5.29405 6.23533 5.75349 8.56548
threshold=1.0000000180025095e-35 89.500000000000014 39.500000000000007 1.0000000180025095e-35
decision_type=2 2 2 2
left_child=2 -2 -1 -4
right_child=1 -3 3 -5
leaf_value=-0.0056553740156299109 -0.015616847785558143 0 0.0024447346058508444 -0.0072042279186167934
leaf_weight=1201.5300468429923 441.44350015372038 213.92658620327711 9926.2052778229117 874.55840862542391
leaf_count=6724 2352 1299 53402 4592
internal_value=0 -0.0866367 0.00410117 0.0137262
internal_weight=0 655.37 12002.3 10800.8
internal_count=68369 3651 64718 57994
shrinkage=0.1


Tree=74
num_leaves=5
num_cat=0
split_feature=9 0 4 6
split_gain=5.20948 4.37307 6.67233 7.29159
threshold=20.230289366720058 62.500000000000007 149.50000000000003 1.0000000180025095e-35
decision_type=2 2 2 2
left_child=-1 2 3 -2
right_child=1 -3 -4 -5
leaf_value=-0.011656826827924583 -0 0.0067779107507245891 0.0074496383658202332 -0.0097451409105984103
leaf_weight=354.89940490573645 9517.9603855609894 944.5972123965621 972.38683141767979 865.96026328206062
leaf_count=2152 48927 5042 7598 4650
internal_value=0 0.0024591 -0.000463751 -0.0105151
internal_weight=0 12300.9 11356.3 10383.9
internal_count=68369 66217 61175 53577
shrinkage=0.1


Tree=75
num_leaves=5
num_cat=0
split_feature=9 4 0 5
split_gain=4.97233 14.9642 5.58275 8.65563
threshold=33.666031340795755 120.50000000000001 62.500000000000007 89.500000000000014
decision_type=2 2 2 2
left_child=2 -2 3 -1
right_child=1 -3 -4 -5
leaf_value=-0.0034092751838206582 0.017670604084294366 -0.00010656845819697593 0.0062092939753167365 0.0030823032652997056
leaf_weight=8113.362047970295 591.15376608073711 816.06736551970243 846.61061637848616 2279.17858068645
leaf_count=41988 2718 5210 4404 14049
internal_value=0 0.0542787 -0.00820751 -0.0169392
internal_weight=0 1407.22 11239.2 10392.5
internal_count=68369 7928 60441 56037
shrinkage=0.1


Tree=76
num_leaves=5
num_cat=0
split_feature=0 5 0 11
split_gain=4.70254 5.81108 4.92591 16.0413
threshold=40.500000000000007 89.500000000000014 49.500000000000007 1.0000000180025095e-35
decision_type=2 2 2 2
left_child=1 -1 3 -2
right_child=2 -3 -4 -5
leaf_value=-0.017097564899971881 0.019624595257901219 0 -0.00047640175879685895 0
leaf_weight=333.20564199239016 518.33256287127733 82.467489942908287 9667.2342171743512 2035.4703030660748
leaf_count=2597 2855 462 50007 12448
internal_value=0 -0.102422 0.00286902 0.0431903
internal_weight=0 415.673 12221 2553.8
internal_count=68369 3059 65310 15303
shrinkage=0.1


Tree=77
num_leaves=5
num_cat=0
split_feature=3 16 11 0
split_gain=4.55214 4.64513 11.5979 13.738
threshold=54.750000000000007 1.0000000180025095e-35 1.0000000180025095e-35 48.500000000000007
decision_type=2 2 2 2
left_child=-1 2 3 -2
right_child=1 -3 -4 -5
leaf_value=-0.0087894599139762986 0.023614977283738028 -0.0058138508214227759 -0.00015565318448800369 0.0016746716202389036
leaf_weight=548.65544424951077 448.04731558263302 959.03745939582586 8891.5600118711591 1785.4805477410555
leaf_count=3262 2523 5019 47293 10272
internal_value=0 0.00334958 0.0114502 0.0760123
internal_weight=0 12084.1 11125.1 2233.53
internal_count=68369 65107 60088 12795
shrinkage=0.1


Tree=78
num_leaves=5
num_cat=0
split_feature=4 3 12 16
split_gain=3.9585 6.78147 6.57336 4.08989
threshold=109.50000000000001 69.65000000000002 1.0000000180025095e-35 1.0000000180025095e-35
decision_type=2 2 2 2
left_child=1 2 -1 -2
right_child=3 -3 -4 -5
leaf_value=-0.024186951022467328 0.0010764391266729217 0 0 -0.0054311539121962606
leaf_weight=271.09882456809282 11101.188569106162 236.49401590973139 59.272730000317097 963.25665079057217
leaf_count=1999 59588 1390 363 5029
internal_value=0 -0.0807915 -0.173454 0.00299319
internal_weight=0 566.866 330.372 12064.4
internal_count=68369 3752 2362 64617
shrinkage=0.1


Tree=79
num_leaves=5
num_cat=0
split_feature=7 4 13 15
split_gain=3.95776 4.9929 5.30651 5.00666
threshold=1.0000000180025095e-35 138.50000000000003 1.0000000180025095e-35 1.0000000180025095e-35
decision_type=2 2 2 2
left_child=-1 2 3 -2
right_child=1 -3 -4 -5
leaf_value=0.0003263522446784192 -0.021507629621737096 0 0 0
leaf_weight=11977.047684729099 390.68202611804008 167.52506189793348 52.098780810832977 41.671274200081825
leaf_count=64718 2042 1160 245 204
internal_value=0 -0.0753273 -0.131858 -0.176152
internal_weight=0 651.977 484.452 432.353
internal_count=68369 3651 2491 2246
shrinkage=0.1


Tree=80
num_leaves=5
num_cat=0
split_feature=8 10 0 9
split_gain=3.81613 6.67774 6.07866 4.42541
threshold=1.0000000180025095e-35 43.500000000000007 50.500000000000007 21.32728572382867
decision_type=2 2 2 2
left_child=1 2 -1 -2
right_child=3 -3 -4 -5
leaf_value=-0 -0.0093480734178704779 -0.0012224608190630111 0.011526011247629996 -7.9642614828854963e-05
leaf_weight=552.00138951838017 583.50389786809683 858.25908999145031 1148.2701011002064 9484.4831967949867
leaf_count=3105 3495 5238 5101 51430
internal_value=0 0.0337211 0.0741759 -0.00934185
internal_weight=0 2558.53 1700.27 10068
internal_count=68369 13444 8206 54925
shrinkage=0.1


Tree=81
num_leaves=5
num_cat=0
split_feature=0 5 0 0
split_gain=3.64836 5.04603 3.7765 11.5731
threshold=40.500000000000007 89.500000000000014 49.500000000000007 46.500000000000007
decision_type=2 2 2 2
left_child=1 -1 3 -2
right_child=2 -3 -4 -5
leaf_value=-0.015653713406298519 -0 0 -0.00042054762550816215 0.013053684265215346
leaf_weight=329.50796034187078 1678.4108416438103 82.272396065294743 9664.9379163235426 871.07060179114342
leaf_count=2597 10396 462 50007 4907
internal_value=0 -0.0908908 0.0021502 0.0377283
internal_weight=0 411.78 12214.4 2549.48
internal_count=68369 3059 65310 15303
shrinkage=0.1


Tree=82
num_leaves=5
num_cat=0
split_feature=9 4 0 1
split_gain=3.40897 12.186 4.80443 13.1674
threshold=33.666031340795755 120.50000000000001 61.500000000000007 1.0000000180025095e-35
decision_type=2 2 2 2
left_child=2 -2 -1 -4
right_child=1 -3 3 -5
leaf_value=-0.0017427970284615681 0.015621492236377089 -0.00028023739194701778 -0.0038539403702901954 0.012700378615992486
leaf_weight=9717.6779065355659 592.89132911711931 815.05152954906225 616.04282081127167 883.56373213976622
leaf_count=52727 2718 5210 3144 4570
internal_value=0 0.0446299 -0.00705067 0.0397402
internal_weight=0 1407.94 11217.3 1499.61
internal_count=68369 7928 60441 7714
shrinkage=0.1


Tree=83
num_leaves=5
num_cat=0
split_feature=5 0 1 12
split_gain=3.30643 5.71528 8.75537 6.02513
threshold=79.500000000000014 55.500000000000007 1.0000000180025095e-35 1.0000000180025095e-35
decision_type=2 2 2 2
left_child=1 2 -1 -4
right_child=-2 -3 3 -5
leaf_value=0 0.00066412967851191241 0 -0.016084302802526731 0
leaf_weight=410.12636759132147 10172.972551815212 998.6240608766675 879.6701695099473 160.95469279587269
leaf_count=2599 54407 4593 5884 886
internal_value=0 -0.033992 -0.0762657 -0.127636
internal_weight=0 2449.38 1450.75 1040.62
internal_count=68369 13962 9369 6770
shrinkage=0.1


Tree=84
num_leaves=5
num_cat=0
split_feature=3 0 11 4
split_gain=3.10244 9.1991 4.63831 4.77989
threshold=59.650000000000006 55.500000000000007 1.0000000180025095e-35 135.50000000000003
decision_type=2 2 2 2
left_child=1 2 -1 -4
right_child=-2 -3 3 -5
leaf_value=0 0.0004836629988804883 0.0004083610932688849 -0.019674360513255405 0
leaf_weight=147.44304265826941 11222.74560239166 646.79305417835712 531.03222396969795 66.693398907780647
leaf_count=797 60362 3139 3691 380
internal_value=0 -0.0447959 -0.125128 -0.163855
internal_weight=0 1391.96 745.169 597.726
internal_count=68369 8007 4868 4071
shrinkage=0.1


Tree=85
num_leaves=5
num_cat=0
split_feature=4 6 9 0
split_gain=2.97745 6.2769 7.48009 4.67887
threshold=149.50000000000003 1.0000000180025095e-35 26.185690935609717 59.500000000000007
decision_type=2 2 2 2
left_child=1 3 -3 -1
right_child=-2 2 -4 -5
leaf_value=-0.00096711846275035658 0.0048703484259241892 -0.016682393192504263 0 0.003954080855208179
leaf_weight=8065.6223871558905 1104.1087983325124 482.23850924521685 471.18133702874184 2485.7204702124
leaf_count=42672 8757 2726 2425 11789
internal_value=0 -0.00513454 -0.0820959 0
internal_weight=0 11504.8 953.42 10551.3
internal_count=68369 59612 5151 54461
shrinkage=0.1


Tree=86
num_leaves=5
num_cat=0
split_feature=8 10 0 10
split_gain=2.88094 5.70661 4.73037 3.40758
threshold=1.0000000180025095e-35 46.500000000000007 50.500000000000007 53.500000000000007
decision_type=2 2 2 2
left_child=1 2 -1 -2
right_child=3 -3 -4 -5
leaf_value=-0 -0.0017575455799287154 -0.001246006495422014 0.010279529170381718 0.0031233681274972507
leaf_weight=556.38399835675955 8684.0982997789979 833.6105155646801 1164.9121078327298 1361.2584710121155
leaf_count=3141 45538 5123 5180 9387
internal_value=0 0.0295335 0.0669658 -0.0079254
internal_weight=0 2554.91 1721.3 10045.4
internal_count=68369 13444 8321 54925
shrinkage=0.1


Tree=87
num_leaves=5
num_cat=0
split_feature=16 13 4 4
split_gain=2.85824 13.6998 18.9655 8.36871
threshold=1.0000000180025095e-35 1.0000000180025095e-35 136.50000000000003 138.50000000000003
decision_type=2 2 2 2
left_child=1 3 -3 -1
right_child=-2 2 -4 -5
leaf_value=-0.001776771830219276 -0.0051182442846556047 0.026407174660377127 -0 0.0052449326729577589
leaf_weight=8894.5042315497994 991.39812630414963 447.68846556544304 251.91350588947535 2011.4948042407632
leaf_count=44283 5176 2323 2142 14445
internal_value=0 0.00415625 0.138482 -0.00198882
internal_weight=0 11605.6 699.602 10906
internal_count=68369 63193 4465 58728
shrinkage=0.1


Tree=88
num_leaves=5
num_cat=0
split_feature=7 5 10 16
split_gain=2.56163 3.98384 3.77176 5.09889
threshold=1.0000000180025095e-35 89.500000000000014 39.500000000000007 1.0000000180025095e-35
decision_type=2 2 2 2
left_child=2 -2 -1 -4
right_child=1 -3 3 -5
leaf_value=-0.0045613359629016331 -0.011868062528636912 0 0.0020029036944306305 -0.0052566651242126408
leaf_weight=1188.9611309617758 434.20234222710133 212.58054303377867 9869.520559489727 876.7707479596138
leaf_count=6724 2352 1299 53402 4592
internal_value=0 -0.0605534 0.00297352 0.0112208
internal_weight=0 646.783 11935.3 10746.3
internal_count=68369 3651 64718 57994
shrinkage=0.1


Tree=89
num_leaves=5
num_cat=0
split_feature=3 4 10 5
split_gain=2.47396 13.9827 3.5232 5.85414
threshold=91.500000000000014 122.50000000000001 38.500000000000007 89.500000000000014
decision_type=2 2 2 2
left_child=2 -2 3 -1
right_child=1 -3 -4 -5
leaf_value=-0.010724473437725719 0.016758923572082331 -0.0014429003820639896 0 0
leaf_weight=822.99444603919983 544.41300543397665 781.3092243000865 10104.348128810525 327.38340528309345
leaf_count=5095 2532 4941 54288 1513
internal_value=0 0.0396575 -0.00559314 -0.0574742
internal_weight=0 1325.72 11254.7 1150.38
internal_count=68369 7473 60896 6608
shrinkage=0.1


Tree=90
num_leaves=5
num_cat=0
split_feature=11 0 16 3
split_gain=2.44562 12.1962 7.07851 6.68305
threshold=1.0000000180025095e-35 48.500000000000007 1.0000000180025095e-35 59.650000000000006
decision_type=2 2 2 2
left_child=1 2 -1 -2
right_child=3 -3 -4 -5
leaf_value=0.020778177980242674 -0.0082068783694348967 -0 -0 0
leaf_weight=463.87007170170546 1073.2528093680739 2487.9706604406238 83.999034196138382 8469.2197008430958
leaf_count=2643 6399 14021 409 44897
internal_value=0 0.0238853 0.156273 -0.00855771
internal_weight=0 3035.84 547.869 9542.47
internal_count=68369 17073 3052 51296
shrinkage=0.1


Tree=91
num_leaves=5
num_cat=0
split_feature=0 4 0 0
split_gain=2.40099 4.04813 3.65065 9.53509
threshold=40.500000000000007 134.50000000000003 49.500000000000007 46.500000000000007
decision_type=2 2 2 2
left_child=1 -1 3 -2
right_child=2 -3 -4 -5
leaf_value=-0.013280346719545444 -0 0 -0.00044031315631517316 0.012095329553247491
leaf_weight=340.37694760411978 1667.9870628491044 65.284480378031731 9633.486138433218 868.25928744673729
leaf_count=2668 10396 391 50007 4907
internal_value=0 -0.0742095 0.00181874 0.0370008
internal_weight=0 405.661 12169.7 2536.25
internal_count=68369 3059 65310 15303
shrinkage=0.1


Tree=92
num_leaves=5
num_cat=0
split_feature=8 10 0 10
split_gain=2.17031 5.06999 4.19107 2.45332
threshold=1.0000000180025095e-35 43.500000000000007 50.500000000000007 53.500000000000007
decision_type=2 2 2 2
left_child=1 2 -1 -2
right_child=3 -3 -4 -5
leaf_value=-0 -0.0015980300800674527 -0.0013264727260562683 0.0095654882581903654 0.0024142661428029682
leaf_weight=549.437479801476 8667.6950512640178 855.31235302239656 1147.2570004165173 1354.8872987776995
leaf_count=3105 45538 5238 5101 9387
internal_value=0 0.0249361 0.0615581 -0.0075271
internal_weight=0 2552.01 1696.69 10022.6
internal_count=68369 13444 8206 54925
shrinkage=0.1


Tree=93
num_leaves=5
num_cat=0
split_feature=2 16 4 0
split_gain=2.09149 6.29463 6.24378 9.23289
threshold=159.50000000000003 1.0000000180025095e-35 139.50000000000003 55.500000000000007
decision_type=2 2 2 2
left_child=-1 2 -2 -4
right_child=1 -3 3 -5
leaf_value=-0.0022574882424856611 0 -0.0074643971351308408 0.014416077832094929 -0
leaf_weight=3245.0781772956252 6977.4094415642321 722.72933345288038 845.15595907717943 781.61083921790123
leaf_count=17973 34759 3725 5990 5922
internal_value=0 0.00674994 0.017245 0.0730739
internal_weight=0 9326.91 8604.18 1626.77
internal_count=68369 50396 46671 11912
shrinkage=0.1


Tree=94
num_leaves=5
num_cat=0
split_feature=7 5 13 15
split_gain=2.04841 3.33817 2.92716 3.06391
threshold=1.0000000180025095e-35 89.500000000000014 1.0000000180025095e-35 1.0000000180025095e-35
decision_type=2 2 2 2
left_child=-1 2 3 -2
right_child=1 -3 -4 -5
leaf_value=0.0002208935740634212 -0.017453826802219026 0 0 0
leaf_weight=11920.580694381148 348.5702311322093 211.98551242053509 46.526994735002518 37.531126447021961
leaf_count=64718 1930 1299 228 194
internal_value=0 -0.0545982 -0.108141 -0.142055
internal_weight=0 644.614 432.628 386.101
internal_count=68369 3651 2352 2124
shrinkage=0.1


Tree=95
num_leaves=5
num_cat=0
split_feature=9 0 5 4
split_gain=2.02889 2.02336 4.75142 2.67379
threshold=20.230289366720058 62.500000000000007 82.500000000000014 149.50000000000003
decision_type=2 2 2 2
left_child=-1 3 -3 -2
right_child=1 2 -4 -5
leaf_value=-0.0073512124160952722 -0.00067865879849388837 0.0098687569891653133 -0 0.0047452066919857214
leaf_weight=346.08773053064942 10327.651056721807 676.14218438416719 260.79500436782837 952.73425898700953
leaf_count=2152 53577 3156 1886 7598
internal_value=0 0.00167469 0.0462987 -0
internal_weight=0 12217.3 936.937 11280.4
internal_count=68369 66217 5042 61175
shrinkage=0.1


Tree=96
num_leaves=5
num_cat=0
split_feature=11 0 16 0
split_gain=1.93713 9.56529 5.88812 5.54793
threshold=1.0000000180025095e-35 48.500000000000007 1.0000000180025095e-35 45.500000000000007
decision_type=2 2 2 2
left_child=1 2 -1 -2
right_child=3 -3 -4 -5
leaf_value=0.018631569683086321 -0.0069046841772776929 -0 -0 0
leaf_weight=461.83840552717447 1258.1843372546136 2486.500310331583 83.978909626603127 8266.6654187813401
leaf_count=2643 8849 14021 409 42447
internal_value=0 0.0212298 0.138698 -0.00765899
internal_weight=0 3032.32 545.817 9524.85
internal_count=68369 17073 3052 51296
shrinkage=0.1


Tree=97
num_leaves=5
num_cat=0
split_feature=2 16 11 4
split_gain=1.76159 5.27894 4.54329 4.51117
threshold=159.50000000000003 1.0000000180025095e-35 1.0000000180025095e-35 139.50000000000003
decision_type=2 2 2 2
left_child=2 3 -1 -2
right_child=1 -3 -4 -5
leaf_value=0.0018556005482513389 5.8892403056900028e-05 -0.0067442724813580159 -0.0048862962042833377 0.0064246253459555773
leaf_weight=917.01268564909697 6971.1722690053284 723.37237204611301 2325.3281138278544 1616.4982637390494
leaf_count=5224 34759 3725 12749 11912
internal_value=0 0.00633308 -0.0206114 0.0161951
internal_weight=0 9311.04 3242.34 8587.67
internal_count=68369 50396 17973 46671
shrinkage=0.1


Tree=98
num_leaves=5
num_cat=0
split_feature=9 10 3 9
split_gain=1.64473 2.36073 8.77161 7.03364
threshold=20.230289366720058 41.500000000000007 91.500000000000014 27.685219516715168
decision_type=2 2 2 2
left_child=-1 2 -2 -3
right_child=1 3 -4 -5
leaf_value=-0.0066199286489207337 0 0.001530352579463778 0.012134810619230841 -0.0059043605342984588
leaf_weight=344.89365119859576 7230.2118982598186 2204.1459022685885 677.36102379858494 2089.3053876310587
leaf_count=2152 36761 12856 3211 13389
internal_value=0 0.00163042 0.0139416 -0.0140474
internal_weight=0 12201 7907.57 4293.45
internal_count=68369 66217 39972 26245
shrinkage=0.1


Tree=99
num_leaves=5
num_cat=0
split_feature=0 5 0 0
split_gain=1.60123 4.30859 3.25465 7.08949
threshold=41.500000000000007 88.500000000000014 49.500000000000007 46.500000000000007
decision_type=2 2 2 2
left_child=1 -1 3 -2
right_child=2 -3 -4 -5
leaf_value=-0.011747081093951992 -0 0 -0.00032682974274318737 0.010757348175883065
leaf_weight=400.8475929684937 1556.0925694480538 104.04675090312958 9621.9232399985194 867.25629104673862
leaf_count=3219 9644 592 50007 4907
internal_value=0 -0.0540159 0.00224799 0.0362385
internal_weight=0 504.894 12045.3 2423.35
internal_count=68369 3811 64558 14551
shrinkage=0.1


end of trees

feature importances:
age=91
ap_hi=89
bmi=32
ap_lo=29
cholesterol_3=29
weight=23
cholesterol_1=21
active=19
gluc_3=18
diff=15
smoke=10
alco=10
gender=3
height=3
cholesterol_2=3
gluc_1=3
gluc_2=2

parameters:
[boosting: gbdt]
[objective: binary]
[metric: binary_logloss]
[tree_learner: serial]
[device_type: cpu]
[data: ]
[valid: ]
[num_iterations: 100]
[learning_rate: 0.1]
[num_leaves: 5]
[num_threads: -1]
[max_depth: -1]
[min_data_in_leaf: 20]
[min_sum_hessian_in_leaf: 0.001]
[bagging_fraction: 1]
[pos_bagging_fraction: 1]
[neg_bagging_fraction: 1]
[bagging_freq: 0]
[bagging_seed: 400]
[feature_fraction: 1]
[feature_fraction_bynode: 1]
[feature_fraction_seed: 30056]
[early_stopping_round: 0]
[first_metric_only: 0]
[max_delta_step: 0]
[lambda_l1: 30]
[lambda_l2: 23]
[min_gain_to_split: 0]
[drop_rate: 0.1]
[max_drop: 50]
[skip_drop: 0.5]
[xgboost_dart_mode: 0]
[uniform_drop: 0]
[drop_seed: 17869]
[top_rate: 0.2]
[other_rate: 0.1]
[min_data_per_group: 100]
[max_cat_threshold: 32]
[cat_l2: 10]
[cat_smooth: 10]
[max_cat_to_onehot: 4]
[top_k: 20]
[monotone_constraints: ]
[feature_contri: ]
[forcedsplits_filename: ]
[forcedbins_filename: ]
[refit_decay_rate: 0.9]
[cegb_tradeoff: 1]
[cegb_penalty_split: 0]
[cegb_penalty_feature_lazy: ]
[cegb_penalty_feature_coupled: ]
[verbosity: -1]
[max_bin: 255]
[max_bin_by_feature: ]
[min_data_in_bin: 3]
[bin_construct_sample_cnt: 200000]
[histogram_pool_size: -1]
[data_random_seed: 175]
[output_model: LightGBM_model.txt]
[snapshot_freq: -1]
[input_model: ]
[output_result: LightGBM_predict_result.txt]
[initscore_filename: ]
[valid_data_initscores: ]
[pre_partition: 0]
[enable_bundle: 1]
[max_conflict_rate: 0]
[is_enable_sparse: 1]
[sparse_threshold: 0.8]
[use_missing: 1]
[zero_as_missing: 0]
[two_round: 0]
[save_binary: 0]
[header: 0]
[label_column: ]
[weight_column: ]
[group_column: ]
[ignore_column: ]
[categorical_feature: ]
[predict_raw_score: 0]
[predict_leaf_index: 0]
[predict_contrib: 0]
[num_iteration_predict: -1]
[pred_early_stop: 0]
[pred_early_stop_freq: 10]
[pred_early_stop_margin: 10]
[convert_model_language: ]
[convert_model: gbdt_prediction.cpp]
[num_class: 1]
[is_unbalance: 0]
[scale_pos_weight: 1]
[sigmoid: 1]
[boost_from_average: 1]
[reg_sqrt: 0]
[alpha: 0.9]
[fair_c: 1]
[poisson_max_delta_step: 0.7]
[tweedie_variance_power: 1.5]
[max_position: 20]
[lambdamart_norm: 1]
[label_gain: ]
[metric_freq: 1]
[is_provide_training_metric: 0]
[eval_at: ]
[multi_error_top_k: 1]
[num_machines: 1]
[local_listen_port: 12400]
[time_out: 120]
[machine_list_filename: ]
[machines: ]
[gpu_platform_id: -1]
[gpu_device_id: -1]
[gpu_use_dp: 0]

end of parameters

pandas_categorical:[]
